342
4364
8391
2954
7366
2577
4677
9366
1483
6207
6613
1562
3091
408
3943
6046
7400
147
4486
8488
3683
5012
7530
5600
2925
4827
4125
5510
6615
9553
3715
5937
1157
372
6791
7663
6740
8210
8591
4231
7421
6675
6800
7746
6242
9962
973
5348
7240
1276
5984
5317
4609
7233
1109
8776
1578
5876
4928
5128
319
2649
5426
9264
1299
9420
8522
900
5488
5792
5723
4200
835
8076
8115
9229
9064
2091
6431
751
7127
3720
8828
1410
9932
5376
2035
3880
1905
3809
4582
8048
5093
8563
57
8345
1053
5245
8092
1524
2091
1025
6440
4654
4414
7254
9087
9552
6865
6477
8315
7001
4467
7228
887
4108
6026
1635
9043
6611
1108
2055
4761
2988
9790
307
9033
7422
8969
5737
1635
7933
647
6605
6652
8308
9264
4016
6972
611
3547
2747
2071
604
5450
1055
1770
8323
7791
6543
7759
145
7236
5706
6879
2241
6868
3283
1221
247
3620
6142
2882
4060
2073
812
9285
4319
1229
7699
2321
1576
4493
8240
6655
2450
2428
1133
4489
4092
1914
9769
1213
7818
1898
3169
6470
8463
630
2350
1112
3974
2279
7641
8907
7819
6143
9454
8862
3571
3623
4645
1260
3743
7073
5332
3994
5115
7581
569
3052
61
6985
7731
2905
3220
7416
7544
3406
6558
8097
5115
3711
957
6935
5075
8647
6523
3936
4986
3325
7750
4509
3482
1200
2291
1023
2708
3632
6549
5547
5838
7547
3255
7540
3263
8798
6671
6283
5662
296
4672
6717
9894
6136
9041
7889
9009
7949
3587
5444
179
6788
6850
6371
7858
7414
3746
8518
822
5983
9122
7951
3174
9483
8671
968
5332
5102
1921
1175
4783
718
923
9340
8953
1930
3743
1303
1305
8366
5894
594
9121
1395
7299
694
7445
5797
2770
4934
5565
448
6813
1438
6843
2903
708
9789
923
3040
2575
5725
954
7719
6879
1185
4498
9691
7046
2688
349
3132
1568
8261
6607
9857
7970
134
9988
1025
8463
1061
5487
2691
2822
3745
7752
8789
6423
3562
9698
6334
7933
2596
3104
3762
1261
4614
4238
9972
4535
4440
9152
974
7782
2648
9886
8614
7612
37
520
6930
1155
4334
5386
5080
9063
2475
2071
7909
5908
3608
8731
8223
2229
7735
898
4252
3343
5542
3804
6077
8373
9871
4494
4496
2112
3858
594
8755
8017
5582
6721
6454
1607
2833
2476
9604
5490
7582
9139
903
9635
2122
4335
992
9496
3325
3646
2654
5770
4556
1476
1040
2325
3652
1051
8170
225
820
8887
4022
271
2472
3440
6736
4804
2831
2585
9403
1852
1827
1831
3880
9806
1270
3638
9421
4673
7394
5519
7060
852
1725
2931
9157
518
2032
2562
5996
9593
6986
9552
5927
3768
4692
3586
6577
2516
3391
9056
4806
6754
578
4468
9216
1847
4995
4456
7626
2910
3964
1549
7915
6297
2696
1283
6786
9352
2013
3436
1011
9947
3509
2138
5627
6709
2652
9152
874
6043
5873
135
81
101
2977
3996
345
265
8672
9194
8057
3993
4484
187
4030
9336
7276
5911
7762
3803
2517
2904
5754
1373
8978
8854
8724
7311
5593
5254
6559
347
5485
2727
9842
4914
7312
5960
6987
9662
6697
3676
436
8285
3112
7772
3976
8327
3343
2064
696
3076
7584
7750
2870
351
3341
288
261
8697
2977
6080
7436
8736
7513
569
884
2032
6863
2371
5143
8888
4734
3961
4600
6832
6869
1726
3329
2319
3748
4156
4908
8773
4258
6883
9439
3817
2342
5336
9226
4241
4200
5354
7580
427
1343
9092
2974
2076
4642
9995
8504
8031
8303
828
9802
8265
4884
6911
7320
5906
8597
5859
2762
6065
5507
3226
8252
6101
7357
2425
9736
2940
6455
6863
4671
5601
231
8275
5584
3432
693
2994
6054
7834
2155
6152
2817
4999
5221
5002
4644
4786
764
540
4193
4806
1638
1060
4857
7018
5137
681
9610
1502
2515
6182
6732
7736
6887
8119
6547
6746
9109
6992
9266
8863
7677
9194
3400
9021
8186
5794
3728
2505
2198
1243
6979
383
5595
2717
1077
6591
7903
4939
2293
8833
7051
5754
3444
4187
1028
2663
2470
8533
3538
5689
9690
6354
5742
7317
3162
199
7472
6552
1604
6858
8198
8903
5824
2098
1043
8029
1809
853
4100
8834
2310
1004
8433
2201
7473
3284
748
5906
6656
214
6312
3447
6790
5247
4362
5744
2496
5799
3406
2304
9548
1564
1330
9482
8605
8128
7704
3370
8354
3108
6983
7124
9604
8203
5790
8301
2303
4382
2099
632
4388
3432
869
7784
6222
6315
610
6799
2063
2400
4705
8604
9157
3711
9245
6036
2174
2195
7409
5587
2512
6660
3533
8995
1677
3999
1959
6282
3824
3130
1998
263
6857
5315
3991
234
7339
269
7616
7257
4234
4515
2298
628
9420
5465
4171
862
4056
3119
8856
4004
1596
7086
5808
2320
9494
2809
9325
5616
3021
711
5956
3973
3487
9607
9208
1679
3322
9675
9999
5042
2027
8995
5026
4918
5673
788
72
2333
7898
6623
6324
9680
9755
6817
5544
2122
1743
5136
5043
5602
1671
4657
1719
3437
2362
887
9100
1197
4963
895
5525
7559
1982
1932
1575
5672
5459
678
6460
6162
252
7910
7320
2328
3285
9539
2063
5246
4496
426
9565
8582
9098
2576
2243
7343
554
5074
3987
4293
7246
4108
8138
1079
1097
4337
7921
8896
6784
341
5612
528
7895
3896
9972
7330
3031
2841
9282
5315
1596
9963
7250
6757
2613
6602
724
3096
1038
5728
5911
5248
3431
2627
2673
7025
1783
3623
8305
8527
6725
8413
9220
8862
3281
5635
4227
7094
6402
5396
3310
3392
1225
3868
8261
9278
2612
3432
126
7686
3976
3344
7045
448
1948
8199
7287
3828
3871
6653
1798
4536
1600
1162
3323
4335
2646
9661
3675
2673
5563
2067
6858
7589
2870
8523
5883
9903
6807
9690
7550
7208
8385
6063
7195
5530
902
9855
1194
1493
9723
8122
9260
4332
7025
36
4634
1757
3711
7190
6890
7991
5299
7732
9780
8929
7144
5171
7928
8625
4197
7659
6488
4882
9233
4930
2466
7102
9686
2891
8319
327
8833
8283
5963
189
9438
6360
5386
7630
2214
5481
8166
8676
5793
5458
9940
2599
8234
2772
3240
495
1265
5685
8708
249
1805
2262
4040
4927
6584
8835
3981
1032
5608
3210
7119
1770
5474
4926
5494
8400
1348
9868
933
3889
3139
4997
6522
7802
6861
9612
6984
3912
9133
5555
1710
6506
3481
9003
8870
6536
6535
5176
8262
3267
9275
767
4379
7050
6590
3793
9573
8102
4859
1415
3715
8532
9058
4625
1293
3324
328
6525
4755
6265
7113
1726
7465
9041
745
9169
4156
5153
3362
2465
9846
8342
2167
5219
3597
135
6214
4792
2396
8465
4581
3376
5389
8161
2821
5736
1864
4465
235
7244
1664
8214
2342
5680
2206
8954
7631
616
2770
3949
4119
305
3942
4966
9333
2110
799
276
8913
5835
2842
4185
7568
1020
9377
8899
721
464
1744
3199
8579
9231
8625
9189
6273
6665
5056
5694
1145
794
9892
2166
3603
2997
6726
1226
2737
2261
1891
6352
6416
1889
1889
12
5164
5490
6740
7637
7769
5437
9788
7460
1187
6808
3834
8093
6338
8425
8228
5211
4596
4989
9109
6967
5237
6643
1538
3438
5388
44
8752
3103
1426
2154
8118
4038
1445
7509
4617
3678
7244
3707
9099
1098
4122
6057
7019
5233
2543
2296
8321
5673
5593
1792
8475
280
6560
7181
6629
6956
9176
7098
3952
44
4360
644
6710
3828
3429
425
4437
2336
3654
3276
1812
1237
8703
6278
9720
2320
8796
4670
1780
4957
9065
1049
9199
7620
2065
6398
4683
4937
9372
7171
178
5327
1723
2346
9307
3627
8064
6344
7546
6597
2326
7731
3505
3789
346
7280
9035
4392
5946
7764
328
9316
543
3212
5884
6660
4399
447
1818
3774
9011
6627
2462
6633
7669
4736
3917
2747
3242
5741
8990
3013
8451
4582
590
9370
1323
6709
6669
1095
1143
8866
7178
9550
943
7083
8045
6755
750
32
5968
1765
6152
6686
4712
722
6207
4336
8304
2428
7977
8796
4864
8423
1342
3086
1242
4383
5979
6957
4205
2312
9201
911
1246
7742
236
706
2407
7850
1345
7399
9806
5529
8556
7242
3476
8084
5666
2834
8530
2692
2571
1623
1575
8291
6149
6662
8327
7666
4105
1473
5854
9528
2773
9363
4170
1849
1460
4153
7407
6093
6340
1403
6676
7621
3423
4332
3701
8404
2469
2333
930
3326
6331
5843
4343
6765
4922
8186
9102
4821
8858
546
8880
160
6139
2252
6205
375
5056
1993
7092
6754
4558
4652
7772
96
1354
2390
8717
9098
4809
1019
261
3602
2898
9611
654
8108
7633
1512
481
4442
236
4259
498
4903
724
4672
4672
6748
6333
7657
4793
4183
4981
7976
3628
7380
4031
8257
3424
1402
5150
4503
7067
6578
9849
2388
1770
4627
7630
9483
7026
936
9319
6845
7443
4707
5827
8572
678
3751
903
7924
3330
7790
2852
8906
6296
2648
7680
5137
220
5563
6619
117
7599
7295
54
7089
9577
2130
4000
2466
5572
2024
2828
2898
2888
567
6591
2021
6289
2582
928
6700
8418
8386
169
1194
8046
6556
1198
7934
1183
8223
4065
1303
1592
8679
6814
4206
3990
9903
5294
9585
9281
8620
5730
7515
1311
1091
2799
5893
7766
7036
4185
8421
5456
5955
3202
6664
7364
5410
2587
7532
9097
2665
8800
4468
1016
8166
1537
7007
9744
8070
8960
203
2963
1822
3886
8401
7162
6445
8463
4192
9134
9616
3179
4724
9438
1257
316
9416
9855
9459
4188
6767
6046
1427
7061
9353
7270
8994
1878
8108
6428
3875
6399
3509
8609
1578
3231
4279
7906
65
4059
5013
4414
4890
2547
4846
5850
4050
5220
4958
5585
4224
3242
7091
8140
7263
980
7898
9656
4279
8362
3372
9498
2985
6679
2760
7352
6656
70
5971
4558
6938
4018
8797
9098
9180
3486
6749
9340
1891
1558
2911
3703
2868
2333
2835
4875
3259
7789
4521
1463
6852
8941
260
8790
6892
491
249
5465
4654
3548
4268
4684
627
4890
3733
5066
966
9055
8530
1443
7889
2915
5325
5266
879
9214
8418
1038
5376
990
6641
5157
9710
7214
331
9574
8367
3949
2871
9801
2909
4522
1333
3497
6536
6067
906
7031
7505
5000
3340
1336
9408
4985
3412
3528
4440
7025
5247
3765
2908
2678
275
2759
7612
2042
7932
9161
5823
1552
8966
7008
3712
5063
1360
1340
5218
2561
5575
5467
5241
9160
871
5862
6086
7697
1372
4974
5461
5701
9521
8360
6877
2314
4455
3967
5504
3872
5601
9502
708
7430
7368
1669
566
6776
2307
3460
8935
5036
159
3554
5961
2020
7355
3648
9320
6468
4210
6911
8727
9895
2158
7802
4224
4378
6229
2414
3582
6961
8710
4624
9542
5361
1734
1316
3563
327
3262
6400
2724
1611
3682
2063
2592
3581
9305
789
7667
9692
203
264
1391
8306
3533
4766
7030
1732
9746
810
2721
2832
4128
6520
1531
4303
1053
6120
3969
852
4683
6572
709
7897
4124
1725
5951
9667
4547
7598
9026
9919
9989
1213
6448
2876
7616
3708
2281
1714
7685
1900
3454
6983
8959
3346
1785
9672
3179
750
2568
1293
4312
2267
6269
885
9118
100
3268
8431
4468
4236
5154
2572
2981
4397
8767
1398
3068
7664
5712
8540
6828
1343
6466
9744
4244
7951
7520
1111
6870
2992
628
2572
6187
6072
875
5785
638
8850
8974
608
3862
4566
1307
7717
5544
4660
5801
1047
682
7065
566
1748
3947
8076
7152
3195
5646
1511
7013
7281
4326
996
1756
5646
3927
5725
6398
1752
5045
2317
7637
8733
3283
7679
2321
8393
5535
6120
2266
6627
5902
1175
1591
1109
5750
9887
8057
4177
34
5393
7581
4282
3596
8471
6197
5237
7743
9866
8610
1973
8649
2486
946
246
196
6617
6052
4167
9760
4279
228
6352
2314
5935
2324
3353
1527
6827
5584
6544
493
4884
5406
7659
8545
7964
1458
6935
3820
9420
3204
3204
2053
8530
3367
8003
8259
110
8670
5024
2828
7967
9639
575
8471
8314
9305
3944
5755
2735
9510
3117
4818
9407
5555
2458
3450
9688
9068
286
8135
2630
7808
8937
7627
9852
4869
4083
9292
6390
7536
3196
2760
4220
3620
214
8924
5467
4719
7066
321
7056
4949
1665
1703
8407
4683
6005
1515
5536
5867
8061
1891
3741
7235
3153
1947
3336
592
7961
7762
9343
3357
511
3541
7278
6603
3790
1886
4586
537
1337
2485
2658
205
7662
6420
6205
351
9525
7170
5891
6127
495
8482
8783
5401
5133
2522
7276
7479
4843
7060
7735
1535
9320
5263
2836
3087
4557
2250
1714
4986
9019
7840
4514
4932
2474
2187
2784
3762
6520
8118
9071
4766
4827
5355
9953
1754
6934
2546
587
7027
4950
2699
1101
7065
6287
454
32
8286
5392
5588
3440
780
1811
6260
5301
9019
3615
1395
3296
7517
1022
2415
8817
6039
9852
8227
9868
9467
9479
1931
7085
9376
9232
3232
1104
8669
2568
2453
9123
6598
1798
453
6201
3730
1674
1729
4751
4055
6985
5572
6832
1314
8030
5052
6446
6433
3535
4177
7464
8611
9617
4882
1217
9828
8690
8074
5402
5612
2559
3052
6085
5991
8161
9324
6376
255
3740
961
4034
6911
191
1775
8193
405
2988
5184
8215
7961
5855
2179
6909
6963
8088
3296
3289
1972
4985
8457
1426
1101
5967
6957
9125
5616
1894
2409
9732
401
9044
8011
205
9875
4934
2068
7865
3211
8466
5601
8839
5626
3461
8112
9689
5311
1868
9862
2385
6363
1853
1713
8375
9732
3838
4135
6230
7754
4551
5877
325
8696
6544
9959
3448
1944
1919
4772
9162
9554
1564
8162
6171
7036
6585
6726
5207
6774
9087
6616
5883
8234
5709
4104
7026
1708
7556
2416
8370
9921
9909
9962
3381
6134
8348
4588
9608
1854
8135
907
812
6579
1305
7531
9067
6562
4860
3904
7773
4033
2592
8692
727
3761
1422
132
7541
2059
5275
330
8876
5871
8085
8109
8418
1862
110
9510
7066
7531
9557
7508
1977
801
7869
351
4983
8244
6610
6182
1262
109
2081
4778
4768
878
2437
8830
8432
8685
1101
9335
6401
1362
1308
2257
988
1259
888
3202
1636
5250
5385
8713
9461
3932
5331
1944
9804
9092
5958
8696
1159
9178
4116
537
7443
9410
5040
6455
5414
7338
7131
387
2080
2729
4177
7550
8506
9694
6060
65
4362
9467
4689
1116
2825
477
7299
1722
7173
8662
7590
8597
2797
6127
861
2711
7030
7833
1411
5183
1827
2243
2990
2322
4488
7336
500
9862
6449
8767
2113
2584
6735
2425
5387
7624
9290
5660
9492
1239
9974
2127
3094
8659
143
1633
2214
8777
12
2656
8470
5090
6161
3916
4101
7500
7111
3949
7361
4099
9145
5577
5542
2288
9605
2602
3098
9173
4514
2870
7601
5230
4580
4364
9534
3647
8516
6322
6995
1890
4114
7286
1125
1296
2870
5511
937
5578
8050
6928
4119
2481
5633
7349
6571
3067
3730
6039
4503
836
5583
6416
8316
676
9762
4976
7144
4482
5362
2383
6412
2322
5535
9790
914
1006
919
174
1425
6355
6737
3513
3969
8849
4465
5653
178
6794
536
6234
2507
8671
4168
5124
7197
3016
3093
3164
736
2506
6379
6325
6951
9185
4964
8258
6145
9798
4940
8697
2614
3723
3388
5360
7295
7087
9810
5224
770
7917
3743
7086
3640
2486
5306
3808
3366
7034
4291
8247
7230
9670
9087
4298
1323
222
161
970
5559
3932
2558
6122
7910
3443
5383
1762
1394
5434
2583
7745
7748
8622
9958
6758
2921
1253
6295
8522
8047
406
8991
6323
2737
4999
422
5570
7490
9329
1988
6451
9260
821
1495
2898
7848
8450
7185
1644
7062
2987
3193
5893
1715
5918
9562
6600
2639
9644
6772
8401
7709
4389
465
5685
1918
6684
4102
9320
7755
8340
6030
2379
8575
3862
8799
3403
5569
8081
522
8925
7215
5334
522
2242
1509
6164
487
9438
7302
2151
6822
5523
538
8073
1742
1671
8960
1786
1314
1553
1494
1955
1006
4476
8704
5270
2462
3734
9514
6003
238
8580
3769
9140
383
2899
9306
7616
7055
6541
7946
7808
71
4205
2794
2032
6084
550
9401
6985
7486
7659
6795
5730
2380
7990
2995
851
1777
9960
8022
2571
2552
1487
6976
9112
9709
2127
755
2238
7482
4940
9525
3977
6735
4876
1753
4919
5766
4284
8672
2595
8636
6272
4297
204
6933
1917
3336
4581
5324
860
1124
7212
9587
4964
1319
7946
6214
7008
6655
3664
7480
6613
5514
7164
9179
3636
5463
1000
6826
7795
7998
5420
8922
909
4261
4736
3472
7495
9379
9890
7394
6078
7852
4265
9999
3365
4286
6155
1488
8116
4854
9864
3005
6730
829
1552
5658
7839
1827
7596
5838
1203
410
3497
8301
8131
1201
4759
357
7281
7529
3423
2812
2633
1241
3359
425
3601
6252
1760
7434
4127
5288
5971
6472
9380
5485
4145
2475
9750
4314
6434
8887
6748
3062
9438
619
5841
4941
1672
4458
6947
8880
1216
1726
808
2550
668
9989
5468
746
6138
7803
1716
7529
9672
455
5196
5061
8152
1307
4115
7529
1832
4421
9111
524
678
62
1095
9957
2979
5548
3925
3356
8708
7868
6241
3356
3199
1793
6611
2645
2672
3894
4485
3016
5555
1877
751
9321
2321
7092
8467
6463
8450
7811
8468
8559
666
7201
1961
2789
4212
756
6995
2275
7266
4431
5575
4431
5119
1867
4751
659
5000
7661
7940
3551
7403
5203
2550
3214
7255
370
8129
658
8263
5482
8650
1956
9287
7401
3893
7246
1798
7486
27
4658
7626
940
484
7161
913
1803
4773
6551
6499
4116
4448
7052
5319
3543
1314
3438
8
6742
1307
2123
6146
6079
7221
1495
8883
1244
4304
3915
7923
9152
9586
1771
3559
5146
2394
8905
9492
5385
3678
8431
8647
9369
298
7368
2428
3039
142
9160
7427
3377
5696
6106
7352
5716
7158
1208
4823
9818
7479
5046
3346
6587
105
3207
1518
7272
2791
261
6779
2565
2401
5208
2532
1603
4556
3872
2926
2359
6384
4776
8586
1330
5299
2198
6402
3129
6047
8139
3577
7843
6142
9910
864
7501
177
246
8070
6457
1521
5163
9808
508
3362
3212
9429
1976
9707
3319
9731
757
5330
7953
136
2664
2342
3649
7224
4599
5809
9509
2876
7212
870
1843
9303
945
3867
1405
5541
3117
6406
1216
5877
4968
3569
5355
9207
4134
7735
163
4645
1740
6257
759
9302
5869
3311
7920
3554
4953
2574
2752
6432
6219
6592
1481
249
3641
4868
7383
8258
6450
4151
1130
5284
8865
276
8734
4067
3436
3023
1836
4853
8850
7806
1244
8597
4102
9010
8061
8606
4799
1161
1368
7314
9154
4544
8217
6185
4025
3791
4963
267
6239
4844
3681
3160
2469
1079
7298
7617
6351
5708
4164
2855
2540
8726
131
7559
591
4048
13
5466
1892
3808
1898
7962
791
3967
5574
4877
3358
5698
9658
8813
8245
2583
9286
617
6576
7632
4470
9297
2494
5939
715
7989
9908
3086
9428
7116
3571
851
4370
5305
9578
279
2801
4644
4812
5645
9230
4737
9214
1988
802
6078
4691
5698
7930
9124
7501
9487
7681
5961
1470
8655
3178
7797
4770
1975
2339
4814
7195
1050
3056
5599
7179
9894
7703
9148
2876
4005
5790
6646
5581
5610
7880
4585
7731
7947
2323
2662
1267
601
5693
8148
324
6753
5041
8931
4439
3479
3424
1222
7804
5394
9052
7713
6013
8051
6379
2888
8118
8093
7775
7086
6466
5566
282
7071
2421
2828
4000
9965
4818
7364
4670
2987
2037
3790
7336
7302
6032
9692
7015
5076
7706
581
8079
1134
7687
5892
6414
1911
4825
5152
2229
9291
5328
6779
2838
6124
3460
6340
4324
7056
6166
4965
1683
2097
4193
4434
3937
3960
1718
4358
5492
9783
5474
8367
6457
4596
1470
9728
4648
3831
5240
4536
5345
3038
7834
9341
2159
5799
2062
1528
9935
7209
5964
5264
6093
3994
822
1183
4109
2707
6693
2518
5606
2155
1447
4902
1902
1298
8183
698
6404
9896
1285
350
2161
2257
5283
8049
2611
784
8742
4274
8876
4317
8579
6726
3558
7180
1654
5082
9139
2815
255
8731
4399
8263
7485
7923
1099
6541
8958
1108
4858
9219
7290
1644
2396
2009
5722
8073
535
5288
3823
2013
4477
9182
2960
8170
400
6516
5065
1354
5530
8247
9086
7316
9313
8960
3266
2092
4770
9747
1869
3655
5511
6142
8957
8236
5995
4465
4919
9813
2286
1206
9357
5221
7150
6462
7728
6299
3437
4063
6285
4905
3966
7539
8816
8535
718
4365
3400
9209
8279
5385
7191
9303
5048
7536
4861
2065
6441
1376
4436
581
7935
3966
4607
815
5674
44
3637
5203
9888
9119
8874
184
7459
1658
7520
7311
9163
1901
9448
8400
206
6749
7677
5269
3236
7255
8905
7283
3809
8950
1779
4597
8100
2310
3022
2077
5141
2176
8011
5745
8052
1853
1876
256
1117
7870
321
9051
6767
2581
7403
1572
8736
3673
522
5996
2665
943
8693
103
3068
5629
8890
7139
2299
1365
8044
2617
4177
3011
766
7498
8781
789
873
5001
6922
103
7073
9348
2126
1467
7265
606
5482
7302
5302
2259
3314
6543
203
597
7169
3125
368
8093
2014
9719
1657
1961
8841
6140
8899
4393
4919
1439
6970
9120
6729
2082
3358
9110
4145
1743
9639
2400
9570
6615
6282
8837
2462
5813
3609
6117
6932
214
8998
2201
7809
9158
9347
3030
638
5799
7570
928
2450
2693
5697
8935
8069
8541
8402
8191
6712
8444
4848
1935
6911
8275
5019
2706
1078
6168
3917
6070
7994
3788
2444
3192
4131
4648
8758
4609
361
5752
5119
7413
5458
8362
4912
9560
1109
3696
7598
7161
5383
2277
3975
55
9586
4540
3827
3202
1178
6397
2368
8733
136
6594
5383
9603
6425
3818
1142
5032
1154
1801
8322
33
6690
7699
1556
4330
2462
9498
2387
2182
9314
2818
6258
7916
987
2744
2530
3759
8815
8303
793
5522
4544
8992
7648
4877
5131
9288
2035
287
6170
2256
1548
285
9215
5610
1335
442
3749
7562
3823
6100
8675
2427
5982
8117
8582
677
6723
7169
6715
100
8683
2860
7773
7270
8717
798
1195
5664
2715
3528
2692
3345
5625
8988
8824
2716
7736
2353
1537
1802
1451
9749
693
8231
8242
8045
7711
1168
7843
4112
7510
8438
1443
7823
349
6182
3100
9969
518
3852
7673
8273
5276
5976
1343
3239
6089
8956
5313
6420
6969
7537
7401
8082
6157
160
8142
6601
4590
6452
6325
1003
7210
3697
2061
4336
5521
9965
36
5147
7245
7637
9039
6537
4705
9121
4860
3132
1124
714
6776
2113
6865
2095
5436
1671
277
3670
7868
8565
9153
5761
7381
6725
8397
9390
3514
8262
981
4929
7384
653
4602
8056
5736
7224
1890
6803
6719
3368
9604
5978
4637
1815
9588
8115
788
4306
2384
1212
1950
9241
9878
5520
7107
7700
4185
4319
9245
5701
7210
3582
6327
4038
514
7389
1013
9521
9560
9688
599
2908
3864
7893
160
2827
3057
114
3899
8017
8805
1456
503
4356
7228
9523
289
821
8041
1187
4852
6703
9131
4025
8010
5685
411
7182
3829
6955
2723
1011
1620
7123
2821
1339
987
7839
4168
7608
6065
3904
4266
1077
6367
1011
6468
6317
6943
6402
0
5466
8459
4941
9537
4326
7406
67
6899
1732
3026
1668
9299
8729
5127
4458
1968
1606
1087
1316
9592
9636
7282
1321
3930
5613
5805
343
3901
6556
441
4298
1749
215
2419
2144
4390
5971
8683
6007
9645
9660
3837
4143
195
6296
2398
2889
9196
1768
5638
8407
5966
9788
9586
9772
9140
7584
3513
1672
3152
706
396
8846
657
5505
6686
816
789
5433
3442
4661
9649
1198
6411
8695
3659
3733
9803
7362
9211
6330
6395
872
538
746
1248
8491
8194
5272
0
6819
6320
9457
558
4203
5294
5890
1463
879
4299
4604
5959
4792
4945
4880
2323
7044
2889
5676
9321
3122
4990
3813
5313
7675
8691
9152
9478
2039
839
5432
9400
6914
290
7272
4502
1435
3095
3451
6913
4738
8711
7643
204
3102
1933
5533
2927
3629
5887
7106
4029
7556
8689
9478
2464
4802
8410
1912
9065
1078
7001
5751
9207
2390
2678
8343
2698
637
2060
7502
2024
805
6694
6887
3855
5028
6850
1831
3746
1643
4264
3443
3793
5490
8530
3112
8109
7748
6655
4875
4540
8830
3146
5205
7849
736
341
75
6307
137
6996
329
1329
7494
6361
1612
2507
9729
2322
4536
649
5626
8717
7366
956
3916
4065
5256
9175
1596
6319
9536
841
7123
4879
2593
5767
4289
6838
4034
237
6352
2548
254
6170
5474
4226
6479
4024
9388
7234
1443
9242
7510
5427
6449
4731
3712
4937
3015
3848
5140
1898
2538
7226
9074
1886
3787
1459
8308
4187
7131
5241
4899
9797
1392
6192
4684
289
2506
4812
9624
7971
9852
6004
6049
6173
9485
7762
5260
4722
7497
4780
8353
1692
3037
9194
1932
1487
9162
7228
2201
5431
3138
5494
5761
9724
4554
5525
5967
1298
82
8029
6159
7679
8393
6776
5824
9027
9497
7705
2949
6581
5386
4859
3384
222
1826
6018
5750
1841
2064
444
1637
2783
2068
1752
1039
1527
2132
3259
9295
4952
3275
8640
2174
3298
7377
6907
3296
1042
8717
9324
9791
2906
1995
6842
7267
7553
1042
9724
2938
6697
4902
869
1007
4097
4727
2649
9117
8785
8874
5
2353
9810
1808
1619
1079
7479
3597
1617
4224
3137
4418
2965
174
2858
6182
8310
1015
4744
3243
4507
1302
5420
6672
8758
1543
6990
290
7807
5979
1833
245
2986
7925
8630
9866
2068
5596
8120
5339
7297
9035
9144
1354
6288
3697
6435
5254
2834
3545
988
5822
6643
1750
7195
993
1036
4885
7536
5306
5618
5163
8414
7789
1616
8646
5411
4877
8350
1863
7662
5127
1090
3758
6588
1748
6484
7433
5277
4538
9153
9665
2873
2834
9955
3948
4237
636
6933
2383
9549
8395
9715
4001
4387
7848
1112
9488
6883
7560
2169
3161
4210
713
1774
1155
5821
1657
5953
7417
9882
4840
8569
3336
3627
328
1175
3946
9833
3220
6737
6550
1050
3638
1732
6172
9601
3913
2882
340
1196
9179
655
7958
2264
2385
4065
9515
7182
3428
2079
217
2588
5847
4834
341
2180
6196
3988
8356
7140
4345
1707
3960
7708
8047
8067
9701
7397
8468
6189
9713
7125
4806
6527
2794
2299
4151
7358
6066
3526
2170
3349
6985
7695
2830
5329
2893
8822
8241
4939
4885
2524
3031
470
2409
3855
8310
4380
7914
8378
9561
7806
9379
2599
5738
8174
4074
4827
3739
7232
3320
3105
989
2710
7483
3650
1531
5903
73
8124
1373
5088
5607
7965
7683
6702
6377
5667
2718
4492
6857
8165
712
7530
8829
6458
8664
5286
8972
6521
3592
9002
5398
8531
2035
2219
9271
2977
4969
8503
1789
4851
7421
3137
5122
9063
5704
460
5474
1523
2601
7638
1956
1201
7896
4157
6249
2750
9373
4406
5559
7907
2959
6031
3712
6537
3922
7997
9140
7536
7446
4415
758
8462
2160
6934
7309
6739
2760
3481
375
4244
9507
2198
8803
2513
7700
9204
4268
7817
6694
5024
4613
78
7443
2604
9977
5351
717
6884
3406
1981
3938
506
2208
1848
5577
1777
4893
448
4165
3955
7015
6605
3803
8206
9671
1285
947
3698
4252
2188
9083
365
2045
1343
7971
2127
755
543
38
5784
5291
8962
608
2375
1216
4844
5968
1697
6709
3886
929
4741
6974
7577
830
3840
2673
754
2707
3993
1098
3312
1856
5406
1399
6250
5029
5059
6145
2419
3365
8554
6819
5583
5000
4169
4318
8323
2741
2797
2560
998
5043
1513
4121
9724
3032
141
3829
460
3344
7167
5136
6734
3855
9299
3551
5418
9976
6275
2421
9485
9229
2020
7013
5784
6036
9456
1427
5558
8298
2356
5503
1903
4096
8785
6496
7627
224
3262
2483
8308
5643
643
4855
6986
5347
8144
8588
1475
4096
6941
7799
6473
2047
9135
8174
7759
4589
4202
1835
1848
4247
2100
5442
3151
699
7616
1259
7128
4945
5962
4953
6286
3244
9877
7192
6758
8076
8839
2711
5339
2317
576
2099
4372
2262
174
3712
4789
2911
2042
7417
8470
4475
7293
8584
2813
7024
240
5990
2123
1368
7751
4933
3133
7248
2463
8406
2617
8959
4829
5221
2122
1037
2380
7311
9483
4599
4029
368
2024
5142
5979
7356
1620
2104
9583
1508
9287
2652
1097
9991
547
3911
2785
4581
6824
8624
4736
7246
6547
5140
5509
637
8937
2169
1190
3997
5894
1316
9414
1807
3052
7685
2598
8379
2037
9160
7154
2733
8051
3705
5554
3497
9418
8867
1975
4010
7195
512
7703
3664
624
3810
400
8755
6002
8676
1254
7437
5723
2585
1082
7937
8941
4896
341
3765
2395
8992
5103
7903
7437
9831
5073
8317
1679
8692
4949
2892
5882
1158
9986
7768
8048
4755
9378
5753
2164
7821
2979
7737
8678
8044
5458
796
4428
4213
3930
3613
354
9333
3080
3822
8113
2746
6885
2797
1252
1187
3633
1637
6689
3972
2741
8270
6383
5281
9763
8107
8968
5666
1846
6975
2051
2794
7374
642
1820
587
2225
3063
5170
2329
9342
3393
9893
3607
2338
7808
8087
3470
2349
4161
6427
7672
669
6669
8860
794
8074
7025
1542
3298
5480
364
1892
8708
5796
9600
3976
308
7084
3974
5704
5525
5432
2319
6975
2070
9617
8014
9825
1335
5240
5278
9400
7644
1220
3873
4775
1297
1841
6460
3346
793
8880
1615
7354
9523
709
6806
2488
9315
1960
6084
4182
8108
8229
4101
8887
4176
9673
9868
1963
1954
3181
3919
2434
6160
3767
2993
7686
7940
6368
3477
9344
3107
8876
5604
8331
8214
1379
2007
5499
1268
588
8793
486
948
2144
4870
4995
7440
8906
3288
6345
3635
7628
4445
9933
9391
7409
4741
6129
5260
2987
1207
2558
8359
4054
4248
1523
1191
5491
7259
4164
2501
5973
1627
673
5546
772
5210
4378
6833
6108
2286
3216
1293
7026
2248
5465
3068
2672
3630
6342
7141
3038
4211
5581
5505
4457
4980
2641
6732
1847
2014
1539
9471
1494
7099
7435
2335
787
5147
1548
9769
314
7489
6957
8451
6338
1007
2800
6698
8404
4370
2969
2951
8363
7605
512
6389
6721
7333
5999
3007
9410
8696
2111
3903
8171
9624
702
9972
6458
1789
9994
6562
4095
9972
1577
7965
8725
8666
631
2823
3199
8580
8705
3767
8325
5885
1509
3550
5456
7656
2407
2531
1506
6371
4016
2697
5086
9037
8172
4037
5858
7128
5431
7429
882
3224
5925
3116
7408
3036
1950
4267
3209
7025
3094
7213
816
6229
5624
6993
6443
870
7690
4984
308
8022
7996
5394
1515
7367
4236
3231
3233
4397
6894
1735
6003
9795
6212
1093
6424
8503
5887
7530
2486
5364
6270
8699
3874
6088
4023
6822
2598
9740
9193
6867
3354
1942
4774
6204
5624
5148
8570
1048
4343
3756
9575
1181
2181
9052
5832
9169
3578
6058
3946
522
4003
6035
2383
1995
9888
5799
9159
2239
9691
6779
2598
8582
6487
5382
399
4767
8476
9586
2902
4921
7643
3966
7552
3119
6162
5639
6617
5794
7524
2768
1005
1502
8992
5123
9147
5618
6503
7142
1662
3364
5163
5688
8894
6906
1611
441
55
5833
3858
5967
1934
2168
3220
5728
7788
1775
9357
4767
2883
2887
373
5235
4897
4994
7228
1854
9741
960
9710
3553
3931
2396
7545
9299
6748
6188
2120
8923
7392
1201
9813
8131
5094
2629
6932
8448
1372
6163
2791
6428
827
6961
3934
6119
5190
3554
322
3855
951
2915
4639
2414
1386
7049
2149
2198
8143
5145
2470
3235
560
7920
3527
760
1015
4406
6646
1535
8652
3315
6531
6814
6646
7075
806
1325
5925
6515
8623
9094
3818
959
8074
241
6170
6250
7793
8353
1807
1439
9336
8598
6139
9153
8702
9970
7027
8962
8224
1228
4580
3798
4546
1569
8963
8743
4697
7729
6219
6221
6197
7415
6399
3857
9796
7936
5419
2939
4947
7301
5047
4391
3972
6595
9021
5980
5350
3073
5029
2743
4069
2186
3615
4501
3004
5829
5097
3055
9234
1316
7898
8334
7314
120
6305
1350
5246
1559
1374
961
4628
828
8868
8803
7452
2115
1373
1096
726
7524
1923
4155
6886
2254
3580
7381
448
6045
2466
3304
1847
6945
6876
5111
8248
4288
9789
8337
5338
6107
5411
4877
334
6343
7056
8146
8370
2386
842
4735
5613
9555
974
7364
9621
8206
7172
4508
849
2878
1916
7819
2936
8453
4018
6279
632
1454
3960
7164
8273
3180
4888
6619
7537
7770
2939
1363
2525
8129
9821
8958
5505
2972
4987
369
2326
9497
9985
6876
9901
1010
5665
782
9029
7558
7566
9445
1234
6678
6195
8338
3021
3561
1891
3944
6832
7730
7899
2255
2700
6434
8513
4877
7656
7022
2943
1381
4131
9066
930
8342
7775
1188
6609
4576
1662
2969
5089
3305
3489
1368
358
6404
8074
1456
2521
7381
1354
8897
3659
484
3154
8917
1520
4758
687
9813
7111
4251
7423
8184
7287
1441
1905
6821
2669
1352
910
4756
6803
6267
3296
8033
5032
4458
623
2651
322
5028
9305
5939
3055
1817
5567
5819
485
6785
7057
9410
3202
2648
4035
8861
3223
6036
4243
9983
9395
3651
7112
5941
3101
8254
2069
1544
3951
8332
715
2159
1824
9400
783
6437
8345
7608
5506
7755
6689
2624
534
9500
6522
1408
4252
6278
7716
4560
2291
7257
7144
8895
5816
4626
427
8040
9791
3629
8563
8378
6590
2503
852
9557
3790
8129
4491
9839
8758
7115
6541
7518
7963
1803
775
5144
351
3280
1185
4189
1938
7852
4570
5571
5067
8541
9648
4754
4895
9696
277
6345
6894
6590
7187
3854
7507
5679
6125
3663
5166
4045
4184
4586
5566
3478
1741
5042
3380
8262
9300
6138
8594
9614
1152
4720
8181
7560
7083
6246
9449
9647
2479
2727
185
5269
1431
3793
1191
9012
1225
7001
6114
2215
9493
7720
4601
1301
1727
6384
6073
5703
4114
9551
4391
7563
2914
9318
9302
8920
5588
8317
781
8381
847
7130
4894
4049
9497
9351
7650
9561
4561
1988
3806
2903
3460
5931
4641
4184
1033
2493
5920
763
4509
7291
881
8341
707
1592
2657
6622
6399
9607
6509
9588
8879
46
8322
7151
5714
3963
1520
2582
8566
4881
1811
9709
246
2927
8316
5154
8340
7949
4702
2877
5464
3402
830
6630
3308
5275
3577
7056
3353
8040
1336
7727
5285
1190
9287
1497
1284
5818
9212
5651
3391
2474
2316
8837
3328
4362
2324
750
5063
8029
5096
7141
7328
2746
9500
6264
7097
3746
5224
900
3453
8442
5773
7801
5586
547
7830
1522
231
651
9542
9308
7167
5234
8002
7575
3291
911
4291
5530
6356
8911
2838
524
9970
4786
4117
9685
9080
1840
923
4964
3622
2517
991
2244
5781
3263
8727
1118
9370
2365
8417
9039
6368
7164
6136
6578
6332
7215
2247
6631
9682
6069
990
2925
4661
4722
828
4219
6
1784
6523
5772
57
8499
6490
4361
9611
3351
646
7070
6919
7945
9965
5147
8012
201
8306
1364
9310
3905
5223
1896
8740
5719
1131
2885
5005
3089
1318
7754
8700
9610
4645
7178
8154
2010
5227
6038
5455
1473
7741
1374
2361
3262
8730
7901
5769
3752
2274
2076
3241
2679
4500
5458
6207
8504
8983
5896
6156
2166
2168
7298
5825
8151
7867
4767
9053
2169
3650
6382
4166
536
1083
1545
8708
8728
4184
1407
3920
2230
463
7106
9624
2721
5224
1396
6587
9812
8072
727
6010
7242
696
849
3160
8006
188
8246
6538
2649
8443
3847
9070
7075
299
2322
1631
732
5621
9304
8911
1846
6007
4503
6479
8676
5972
4241
4883
4581
4955
7022
6565
9636
1848
1990
597
7776
3157
3683
9555
5030
3430
3711
7105
8391
251
8123
729
9401
6396
8714
7246
6827
1006
7974
679
7128
8109
2907
5974
7058
1042
3090
3606
3118
2568
8661
6572
6974
9295
4627
4452
2224
7822
4603
3100
2142
8973
992
9732
8411
9174
8630
6167
6540
1630
5929
6115
1640
1996
866
74
3676
2447
967
7163
9332
3941
6283
6812
3423
6584
5581
4486
5869
6941
1609
505
744
6647
9395
8502
4595
4957
2607
2324
2988
6981
5185
2575
5388
9595
1286
2867
1641
1378
756
3043
2722
2396
1286
6992
5612
1522
608
8347
1378
9425
8325
1460
9891
537
6683
4981
3121
7370
3214
8544
5105
5550
1996
9233
7237
5441
1876
3815
1451
561
8144
1176
7117
3019
7338
6858
3062
1331
2436
6859
7530
2401
7972
2772
634
1349
8155
9127
2300
2577
6882
3182
7447
5940
2356
3946
1267
3966
4642
305
8541
8036
1415
4270
7335
9331
1622
8195
6625
4869
7121
1589
9553
5482
2550
4626
6102
6213
5253
4051
8140
612
2043
9887
354
1199
8522
7464
7092
8901
3270
304
4404
7608
6811
6242
7718
1389
9490
1038
7953
4692
2953
7134
5037
9142
1427
2863
8456
1514
8528
6835
4947
6097
6719
2419
9179
7709
6964
1708
950
5014
4400
282
1974
6297
7987
2969
7161
5782
6375
3784
2035
4172
523
4118
1357
4054
813
7966
351
978
2221
5301
425
883
5832
1708
9789
3613
6996
3978
3792
9134
581
5905
699
6310
2222
3082
6225
1214
585
6546
87
1091
168
1572
4760
1165
4662
3800
9554
7347
6827
399
7856
4936
8370
1713
292
8131
437
6305
6457
1308
3953
6867
8162
5395
681
8088
3993
6
8072
5345
2684
6988
6882
2473
2338
8214
68
6512
3543
8068
3507
2608
9256
4987
8002
7935
1634
8941
400
2448
1436
5145
8877
2069
4163
2483
2938
4233
5553
5244
5799
2579
4050
3504
8975
8631
2813
2812
2007
6784
6160
2745
2429
6080
810
8907
9337
7901
1257
9560
7144
8032
1431
9687
2083
4714
2085
3507
997
8490
7879
5414
4123
3086
7321
8296
5789
2244
8337
2657
406
3144
1346
2675
8560
8661
1285
9334
5060
8001
8821
2244
6333
2674
8302
938
6140
2606
7377
4632
4093
5526
6897
6977
1807
9111
4973
9447
2068
9750
5942
2808
7454
4396
847
9970
8865
3717
4472
9104
8891
6987
3011
5746
549
9489
4227
1226
9884
2835
7478
295
741
5926
804
2393
385
4917
2121
2713
5525
962
7191
905
3020
1079
2806
3377
8941
641
141
152
2469
6375
8222
2154
8279
817
6363
9347
3081
8882
9886
2771
2530
5707
8071
3668
698
3184
3348
8136
3716
2257
629
3674
8607
4973
468
8118
1321
3699
4406
7162
6934
9815
5673
959
3687
6341
4711
7280
6707
266
939
2223
9232
5935
7137
9885
6868
5804
788
4152
1480
1911
2638
7040
2089
364
2603
1034
4104
8185
2352
8638
1110
1894
6020
131
9515
1980
2431
1580
8707
6332
7608
7895
4185
8774
2581
8523
8620
1939
1252
5029
9379
6395
2476
7688
5909
7673
7122
7296
3768
1262
6801
984
2783
116
6509
8230
2936
6782
8925
3651
3561
5428
354
6954
5622
9463
6047
8312
6069
2542
3232
910
906
3544
5148
3228
6318
3279
7460
8783
9541
1675
7073
1550
1293
1298
3288
9625
6774
7216
5053
901
3085
4552
5018
4614
5537
3516
8071
4429
9084
3106
1124
7716
1858
6189
12
3570
4249
6795
768
7961
9396
77
2368
3304
7838
5232
4504
4875
3533
6651
3056
7746
9333
3860
2386
5939
3986
6471
8906
1729
3675
889
3297
4326
7673
7305
3151
6618
8024
7843
8861
7002
2892
8800
7836
7211
9692
4225
5242
8242
7016
8953
6820
8272
5201
7891
9836
8682
1528
9586
8612
3637
2098
1707
7565
6473
6789
3307
8761
5415
4455
5879
3414
8487
7844
2493
1736
8366
9181
8574
3641
7830
2158
3318
5916
8307
7167
6780
2638
7955
1950
6047
6238
5921
794
2039
3705
5125
712
8944
5150
3898
2665
1731
2607
3645
7358
7485
5531
482
8203
927
5435
9477
2643
9073
9414
5709
3148
8922
4973
8194
8216
8870
4115
6887
6789
6239
5802
2091
23
5429
5870
5940
289
5265
2328
2686
9413
9130
9511
8332
775
9174
1135
9403
9938
9880
5756
359
2835
964
8691
1020
4367
6811
6851
8678
6668
6198
1805
828
7224
4296
3034
7752
5895
6041
9475
3409
5940
5829
1730
2174
1827
8154
8210
6151
8901
6333
7266
9814
6731
7515
6954
3049
7290
1482
4520
3534
5176
9551
4415
3817
8754
4490
3686
5215
378
7917
1357
134
7830
3112
1927
9560
3493
593
1683
1553
4897
4716
750
9002
2425
5713
3051
6190
7062
2209
1847
9063
639
6352
8286
2294
9722
762
6880
1595
8411
5577
8164
2909
5539
3700
4779
2979
2635
3922
9677
5728
9776
4717
7257
2607
3147
9410
8276
9827
1139
729
7609
2943
5776
3761
8771
63
8353
2816
8394
6837
5092
4330
1833
6569
5877
6329
4136
3488
4002
6033
7681
8375
7725
5900
957
922
9775
2250
8499
246
9586
8475
7397
4223
5184
1568
8768
4927
2897
1853
9149
8556
5415
6767
1107
7577
2218
1020
3657
6414
1842
9442
8927
2958
9788
350
3582
251
8713
4750
274
124
5716
9957
2704
3432
6144
7388
7867
8318
2744
6360
846
2
9633
5413
1840
1244
2970
2702
8008
7910
9612
8148
8049
1320
5540
2053
4609
5523
4601
9984
8023
4365
8354
1704
9496
2457
9457
8953
4893
2859
5925
3424
9414
7731
6683
1711
5430
5038
6196
2750
2006
1389
1738
8853
467
1372
4886
3518
9004
2031
9918
8275
709
9176
9860
3159
2664
2630
2314
9711
3874
4449
2535
2955
1711
1798
4146
1930
4823
4860
9654
2403
5100
3489
8326
6578
7913
5272
4939
7155
3284
3616
446
2151
804
2126
2861
7785
604
3729
1923
3849
6109
7714
4400
9870
9276
8336
6850
850
5225
6108
8822
7382
2003
6010
4046
2427
1843
5619
6743
6666
7599
2744
6177
3448
8056
1215
2094
3217
4469
442
3570
1460
1908
123
3926
5222
4217
4154
750
1174
9711
475
5928
4994
7730
1850
8106
4781
852
6902
3651
5622
1654
6367
325
9457
9110
8173
5359
960
9128
9367
6969
2733
5923
4644
9889
7207
9039
6555
5306
2476
3256
9959
8586
4955
6277
6458
3303
557
3455
9174
7542
483
6816
1931
9339
4741
4415
325
2453
7329
6426
9544
7673
1749
329
5021
4521
2654
3576
9909
1420
338
4831
4521
6846
8385
65
6012
3957
223
137
5884
7087
483
8962
7496
740
5173
6066
5391
517
4287
6954
9051
582
5881
4802
9730
186
1714
6027
4196
2367
130
2244
2404
7148
7505
3795
4103
7581
9113
8129
4050
420
6360
2906
2345
8357
6842
5383
8540
374
7459
4804
7278
8132
9831
4544
9655
9249
7814
873
8963
1225
6320
6782
8071
9346
1548
1778
6303
6572
9248
2426
5984
6352
7244
735
2254
894
8248
5469
5364
9496
3515
7768
7640
4262
8605
4579
3873
3364
3535
8497
5726
2407
347
2319
4362
9387
6682
7481
107
2018
2409
649
439
1038
5743
7414
6213
7620
9386
1005
9042
2585
7071
8521
3944
3642
509
2786
8864
3543
7368
382
1262
9838
9625
4586
4729
4337
7925
9791
8675
4543
109
3574
812
5199
5808
3635
4676
5733
806
6420
6226
7641
9708
471
7693
1367
5416
566
3257
7670
3275
5812
9792
9781
3717
618
589
8441
5972
4950
4911
7073
3217
8724
4247
1816
965
8624
7136
2566
2267
4651
6311
2385
189
7761
9490
7812
4833
6230
1545
7097
1617
7324
388
1789
9267
3385
9957
2365
7489
3289
3406
4530
2742
5601
195
310
5700
7581
2231
8085
231
9640
8047
6527
6681
604
9392
7645
9346
6396
4240
7767
4648
9818
621
2388
9713
9598
1756
4937
355
6963
2999
4701
8135
5077
1962
7859
2311
7347
3733
5546
1138
4903
7632
6790
9100
6699
8827
9513
8734
7588
7511
8898
7892
8359
1125
436
1835
3607
9569
9041
9397
6651
9976
1685
6551
9960
4881
465
3381
4278
511
90
2446
8992
1004
150
5930
2285
9619
260
2905
1314
1720
5554
4557
1903
1514
5479
7986
5334
8804
3117
7099
999
4785
241
5213
7000
2954
7225
5105
1814
4424
8035
1598
58
4737
7980
1603
8703
4268
184
2110
1041
2019
287
9738
8808
7164
6407
3287
5730
9723
8931
9418
3500
6112
1452
4108
4372
9862
4554
8058
6648
7785
1577
4663
5275
3712
9796
3680
8711
3113
1874
7021
7442
491
716
7021
3211
4791
254
1638
9265
1733
1465
3372
3064
2168
486
7668
8616
7429
371
8695
73
8329
1666
6362
4230
4199
3927
2586
9998
6922
7344
6805
5040
9424
9996
9407
8397
6771
6986
5730
1377
4358
8009
4565
5609
2285
3097
4219
1703
8349
4061
1671
1600
5302
2466
6608
9822
2288
105
1392
6758
6433
410
9040
8477
7554
9202
3
8339
9117
1751
1481
9174
5684
6612
5083
4227
7054
446
550
8210
2793
4644
1371
8822
3092
2740
3525
7280
4746
7616
2396
4633
7512
3657
9762
2015
3778
62
7644
8484
9766
5866
1910
4126
3282
8023
1275
4789
972
7706
8281
5132
1758
6505
1481
5094
1547
1551
1134
4637
3979
4326
4410
5566
3734
9551
9485
8350
1327
1822
3731
3165
3099
2249
3293
6296
2251
1010
544
7497
2791
2947
1953
904
6935
3082
4762
7751
6092
4188
750
5468
3007
2147
9821
8250
715
7972
3370
9193
3225
1861
5195
9292
3974
8423
8323
1478
3639
4458
9723
5690
8682
987
9772
7786
3070
5851
142
6913
4806
3890
9915
8472
6478
9389
7737
5018
9549
5641
4881
7123
6001
4596
6114
8443
6995
3770
3388
3082
9058
6171
9696
1537
6475
2944
9653
4294
9729
2215
7076
8145
7844
9341
8258
9049
2670
2792
9536
1317
1543
981
6977
7693
4635
9661
2373
9911
3742
6355
4765
2652
2414
6483
503
7926
6535
9202
1865
7533
1691
2685
2886
2614
9546
6078
6574
8516
4523
8137
7966
6805
7271
2784
6212
4379
7935
2669
6551
3614
1077
300
7454
4076
6639
5774
2470
6412
7711
5344
7180
7205
1098
9184
894
3221
1853
1457
9157
6392
7693
3528
9814
5318
5661
509
5906
4848
5399
6659
5199
7778
8595
8715
339
1346
3283
979
2219
4250
2027
3807
4499
9201
756
7191
7972
2629
5548
3716
1523
4767
352
4728
5749
1914
1991
9649
4767
9298
4020
9324
6241
617
5446
1326
5996
2848
3124
6934
4937
1290
3875
9757
2088
7641
4263
7407
6311
6778
5224
8336
6439
6011
9349
2371
6306
2997
3475
9893
9830
2217
7216
3218
4252
6822
7359
5224
5469
7666
9014
3332
4013
4957
1268
9439
6840
7090
3462
5423
2335
2376
96
5889
6659
4302
8990
3115
914
7338
210
3305
8655
3664
755
8590
4445
2566
6913
6258
3732
644
1878
4920
6135
8844
4536
8165
187
1616
9711
350
2575
5160
9233
6661
7229
4019
1378
8482
2286
2601
5313
9588
829
1748
8468
3291
191
136
1696
6281
8266
9396
4744
5049
9297
3472
5574
8501
6282
3765
9173
616
9528
493
9893
1397
9890
3942
7185
5262
6749
933
8076
4198
8221
5368
6966
2337
9163
748
1801
1358
8851
4954
8023
9821
1639
3579
3140
1810
8401
4618
8551
2945
4947
4926
171
6020
1471
1395
752
1777
6778
7496
1571
3466
7196
1032
9237
2915
5131
8423
8809
3671
1588
5828
6216
4936
6217
2249
6953
2662
19
4694
7482
8780
192
577
3493
6523
7187
4795
9280
9853
9240
9040
7981
7436
7026
3383
7517
8202
6854
7423
9365
587
4695
3448
9962
5835
2209
8355
7782
3567
5310
4666
6334
2058
5999
4597
3385
718
6989
862
1147
183
6169
8441
7084
956
6678
6370
9818
4987
9105
5452
4829
4513
3564
8736
8977
2175
648
2822
3592
44
8328
2927
4561
6541
7630
9169
6833
6915
7496
764
9838
4173
4362
3447
4004
8529
8081
8559
9654
8679
277
421
3933
3566
4942
4595
8034
1446
3555
6578
2744
6414
8578
9855
75
1807
2566
7385
9138
9387
9988
8731
2569
5290
9135
3693
6470
9924
7503
5922
8063
2385
2478
3543
981
7127
1144
7136
9844
2945
1620
3143
5359
9177
5219
2212
7217
1822
1553
5694
9901
1499
2598
4319
3106
1761
2333
8394
9405
675
2719
5823
94
7496
2893
5278
8122
1633
5826
7798
9798
6845
8795
8011
322
6428
8116
7246
3971
5295
45
564
3777
7380
2978
4553
8179
6069
9394
4894
4558
4969
8243
6109
4699
6041
6103
5592
1685
4270
2266
1992
9781
5375
5274
3696
3025
5536
7331
1192
2425
2736
5507
6016
8678
414
8409
963
9974
1877
3933
3691
3234
7683
6561
8509
8214
7014
4785
7410
7286
7442
7515
3588
7990
8079
5206
8631
2722
3043
4575
1711
6329
2269
6822
6496
8249
3983
2581
6021
9358
2017
2220
9833
4714
7408
5954
4204
4828
3470
8680
7399
6221
4405
5720
42
3989
5092
4584
3267
1905
7639
8787
7359
8219
521
525
7336
8276
9346
2381
7791
1059
5987
9851
2654
5671
8610
6865
9888
4586
2533
4979
6396
4415
6478
1583
5229
2676
5471
5727
171
766
4187
6033
4365
5880
6521
5494
3825
3431
8029
8643
8273
6270
9292
4731
6968
8887
6169
9734
8209
1661
2823
6462
500
4739
4299
1439
9763
500
8945
1587
2683
2027
3312
7463
2332
1356
3323
4551
3237
1100
9861
8509
1753
5245
4659
6213
9258
1864
2184
6157
1645
5847
5404
9194
3939
3651
1142
8635
6691
8966
7835
8239
6625
3705
1486
8824
4012
8076
1573
5728
2262
3878
6599
7176
58
468
8051
8913
3254
4324
2442
9704
5777
7153
5087
7929
3729
5123
3614
3496
2762
3650
8089
6330
411
3314
6155
3576
5066
8928
5314
4574
8160
7752
3887
8369
7985
5812
164
1136
2327
4533
5684
6299
2089
4065
3761
1174
8327
8406
3935
9055
4253
4384
2348
1585
1446
6791
3333
5584
6594
4810
9630
7862
8363
5917
7717
7273
9429
5746
2949
788
2401
1792
5580
7565
8583
8047
9228
1089
4155
5991
5974
9025
721
5558
5299
9304
9394
4887
4678
3674
8011
6604
6709
570
6660
8758
150
1695
3903
9663
175
3842
5211
1370
3919
9227
5986
3610
8040
6087
6472
3207
5945
5603
3979
9818
2563
3134
7432
9106
6197
8059
1304
6208
2045
8021
6584
955
3675
9354
1759
3412
9734
4573
6532
6107
4926
6694
2269
5816
8796
9503
475
3236
5768
5782
2000
4217
789
9137
5293
1496
4124
6305
9687
5022
1747
530
843
2486
14
9786
1778
3939
5232
644
4509
5304
3998
3411
8872
1175
7188
1826
8638
4351
3679
1678
8761
6986
1489
6128
3575
2459
1977
5097
2158
715
5084
5370
1374
887
7409
5532
8326
7999
6218
1761
3920
4740
2648
2062
579
8119
1640
6701
3042
8379
6489
3610
1267
4196
1361
3307
5293
7938
6115
1915
8010
5797
5828
4818
1998
670
7312
1147
6199
1915
3677
7789
9485
8159
6250
1188
8425
1282
1156
4571
3851
3249
1265
4877
5481
3704
6762
7622
1021
6864
1474
13
4963
2195
6687
5978
4146
3313
3240
3685
6458
359
2954
5273
4538
3098
2818
3795
9212
9511
8089
3072
8578
5905
9477
1489
9899
7114
3289
7124
6306
4089
1179
5848
3685
8043
1831
9842
4315
8925
9093
951
2692
3721
7613
4534
6233
2593
1020
6871
9139
5796
1505
332
6310
5625
298
1111
6432
1528
3523
3001
4131
2901
9103
667
6609
8388
2253
4172
414
9863
1935
3036
1880
5128
6325
1115
3870
3837
8128
6080
3186
3540
8734
5612
192
3441
876
2862
8805
3985
7482
1038
6744
8948
6399
2671
9238
5942
723
3934
9862
7222
5013
8601
9346
8521
7518
2823
7225
7312
6221
8199
8310
1430
3333
3813
4601
7033
6138
8931
585
5050
793
5507
5532
8405
7558
4530
1742
7423
998
4872
2438
7273
7880
5337
8874
3927
1117
3273
5653
834
9280
8313
6079
2426
3305
4773
4179
7237
6488
625
2063
4868
8634
4863
1758
3573
5228
279
2107
5385
9242
9041
8139
226
6006
3071
37
7046
3728
1442
1256
6306
4612
4188
3343
8753
6793
1889
3965
5483
7205
8271
8712
9512
6864
6997
9571
6359
2000
7363
8449
5529
7538
270
8306
1166
762
2615
7021
6382
9790
2738
2825
9753
8029
2242
6823
8585
5474
1634
8924
2084
4452
9177
4100
3729
2213
9463
7105
3358
1526
3866
7727
1937
914
7968
31
4206
8706
7723
1097
3347
7112
7271
3752
4398
8006
1569
6045
5617
6673
8836
946
9694
4328
1954
858
4307
707
8978
508
5643
972
8237
9097
9071
8031
4987
1886
5077
8365
9663
7387
5788
7455
4922
8602
6740
549
6085
8943
6578
194
4359
8459
8672
3998
4805
9828
3348
4504
2270
9551
9247
285
8868
7373
645
3914
6029
7101
6763
9060
6858
972
2027
5669
2366
7193
1215
1997
5736
6942
953
6521
7275
2177
6311
904
6796
4986
847
6190
2217
4195
566
8465
5499
4464
2796
4040
2190
2756
4537
8347
1480
4547
1510
5123
8
8711
9240
2142
7302
9792
6741
3399
9606
8749
1272
6924
1411
5307
5121
6015
5255
5891
5
8898
5270
7701
6665
6094
2417
7323
5039
6715
4240
6018
5410
7390
611
7186
5316
5819
6149
1508
3727
5745
6654
8310
7047
2133
1056
1100
8612
2957
3642
79
9733
1851
613
2065
9866
6031
4786
7350
4330
6554
1604
7905
9075
5223
7964
2273
5780
6978
8942
1529
6578
2561
844
5015
4534
6932
7587
4481
4869
9584
5913
1833
996
803
8737
7525
1282
4554
8984
8084
8778
9909
1563
6779
1609
9792
6622
155
8408
9479
4007
3957
1212
4862
3561
2083
2987
7955
2261
1013
3327
5125
6449
5234
9981
6285
7392
8611
8967
130
3531
4110
2349
3643
9961
6954
9082
7624
4202
6350
8131
4631
7522
6680
4189
833
2179
3878
4988
1711
146
6535
1222
4059
6774
2075
7412
8206
2685
7359
2595
7849
4053
359
2990
7744
747
5620
5226
3227
2914
6305
1928
3213
6280
658
3891
3991
9341
8023
2652
4527
1551
8395
5657
3668
3708
1433
3663
666
4687
5390
4062
493
1200
5224
6941
4090
8326
351
6450
2580
215
9735
931
4758
9547
2193
6960
2272
2266
5712
5315
7085
3783
6027
4624
2167
5925
5884
1629
7810
1152
9906
41
344
7229
3561
5878
8883
5100
2557
9181
7934
1679
9679
6526
6015
1612
3123
3037
1396
6051
3201
9299
2777
2411
7072
2107
6980
8244
2265
7779
1235
4223
3332
1812
2873
9905
5818
9911
3289
316
6545
9234
9823
9424
4066
5296
1869
9432
3516
9514
5153
4221
1827
4800
499
8635
8575
1571
6915
1041
4206
3502
6056
3159
9427
5228
6466
1385
2775
1981
4139
1209
1914
4706
9060
1670
5264
5280
9316
7935
4942
5954
4252
6485
2915
5638
3435
107
2239
1764
3678
9258
2351
2140
6443
3871
3728
4919
3235
9606
208
7217
1432
7893
2619
3441
3854
4952
4659
5526
532
5589
7787
7402
6413
6908
335
7691
7025
6985
8741
5251
2911
1379
3841
5437
7849
4653
7469
3394
3244
5810
5159
2361
5020
6040
4565
688
1247
7774
7211
6404
1657
4134
2645
279
6322
4928
3670
5167
4063
3038
4577
9111
9980
9963
6671
4362
9376
3028
9981
5151
4854
137
8458
6953
6556
3474
5885
2281
9034
7144
1665
7375
8624
336
7334
2895
3081
2288
8856
918
7930
9314
3816
7177
1390
1130
3047
910
2409
3383
7885
1359
169
1333
6384
8180
5197
9814
6870
2500
1869
55
1289
9577
657
3858
4487
8003
8784
861
1782
4484
4369
479
9109
7765
6546
3123
4255
33
3722
3942
2612
8231
9416
7862
9291
2140
9611
9592
9954
5745
4161
1630
5532
4054
8411
1906
6045
1921
9512
255
91
8890
2757
883
324
6579
4425
2385
7546
3871
6321
9931
5107
9735
9280
7885
5293
6229
1785
2958
9107
2194
7990
1184
5741
5255
4185
398
8545
7894
2473
6431
8265
6743
9204
9013
6401
5097
5963
2050
8967
5534
8991
9016
6513
54
2899
3627
334
8657
7535
7603
6057
1021
7186
6176
760
7172
2358
756
1292
9998
2906
4278
7491
7587
1630
14
571
7629
6539
2086
8573
9159
640
4575
9089
9155
690
4894
4005
9049
5875
6887
6188
9193
7002
704
6683
2397
3317
205
9446
4216
7783
8411
6929
429
2679
6188
1056
9831
765
1643
6386
4612
3847
9855
4043
6680
9759
6108
7822
6164
1542
5463
8197
8881
3927
5628
1634
3593
6398
6250
7283
8920
1829
8700
4691
3822
5423
7083
3908
7752
7275
3030
4937
7685
7147
3078
9725
6026
1674
7982
3650
4186
4314
8081
4226
6780
8533
8753
4602
4492
4839
7957
1660
8748
9987
9679
8489
5077
7161
1896
886
4620
2932
9933
3642
5590
2912
1377
7708
1655
9236
918
7812
8692
8126
5333
5402
1975
444
5036
8421
3461
2097
4848
9185
3042
9977
3193
6120
7806
2660
6760
9326
6207
7786
5420
1312
9588
5197
4159
6629
3283
4493
6769
6365
3029
4905
1283
3719
4161
1621
9102
4870
563
501
6008
2192
7164
3913
2283
704
1665
5291
3236
1710
8890
6978
8746
2604
2996
5171
3670
2920
8326
485
5457
4486
8280
816
6364
3457
3919
3841
1821
2147
483
1857
9191
5493
3226
6882
6563
9853
114
4244
3447
2707
6916
3199
8869
36
9145
8083
4303
603
2029
693
4508
9311
11
8989
5969
1672
6859
2760
9035
3174
583
3487
9896
3780
5170
1976
9603
4749
4636
928
6816
4809
6669
3279
7897
7163
7421
2582
2141
7143
60
3887
8558
7659
3216
2517
8061
7737
8294
217
6664
4320
7477
1711
9527
6010
2955
1841
5738
4487
7910
9760
5026
7345
2986
5488
5873
9019
6260
1203
3789
1178
5477
8144
7027
2549
4065
7937
7133
8266
3064
7362
4577
1638
5350
6014
7540
4761
7084
4417
186
3896
1205
2275
596
9529
7167
1371
6918
3484
7385
4629
6286
1978
6102
1863
4885
2947
1983
1106
7454
4884
7831
7487
6157
8937
9530
9590
5729
9122
6124
9860
7745
6025
1953
893
4549
7800
468
679
5822
3417
8732
6792
827
564
862
3809
3679
9334
6950
1827
4323
6584
7512
9120
105
8
5921
3026
609
3922
3883
8868
1267
5524
4205
9296
4826
5053
776
457
4031
6007
8605
4223
2171
7558
7872
6480
6154
1453
4183
7509
5582
7136
7904
1840
7066
580
5332
8723
2334
380
2047
8162
1208
6330
5261
280
9586
9876
861
4938
9534
5977
9348
1222
6231
6595
7540
6535
2042
1259
7870
8956
1370
4468
9023
675
6072
229
483
3566
3142
9539
6035
8850
4491
4362
8856
1227
2000
6208
2287
2818
1716
8901
9604
3020
7811
4647
8640
7058
6792
3144
9386
3633
9733
4310
4307
5923
9501
4633
243
1893
7763
8740
8718
7331
9537
2369
673
5045
4382
6277
8742
1756
7622
2384
4034
7945
541
46
5763
3302
8532
3749
2467
2699
1968
5577
9488
5003
8933
7489
5558
1939
5733
293
1562
9593
683
3484
2920
1871
8493
9825
8006
2757
1562
2398
6326
558
4065
2483
6672
5115
1936
3996
895
1359
5069
4031
4002
186
6354
7893
8223
992
6090
8954
4647
927
7169
3032
2701
2203
8757
3856
9471
3066
7297
3758
6625
9857
6307
4444
5697
8161
8503
1652
1861
2825
690
9730
7807
3559
9383
6061
8259
6191
9252
645
3156
2115
182
2313
4967
1514
43
2552
9698
9402
2749
8745
6053
617
6505
6993
6934
8234
47
7395
8906
1736
2002
2605
8434
1884
4266
1249
1289
8241
5738
6377
3676
6298
1663
2393
9403
4958
2601
3180
4561
6186
6038
2541
6347
959
7696
9209
6030
892
5138
8994
2713
463
6668
8323
7771
9176
5801
877
6687
4938
4662
2351
1632
423
6565
3810
5977
51
8812
4805
9636
1116
144
2497
9910
6106
1298
925
6877
3560
1129
9161
3695
2955
8179
9917
8637
937
4029
3074
8552
4638
7833
7302
5840
9428
7365
3946
1840
1837
2393
9226
3287
2778
635
9391
